M=[2 1; 0 1]/2

p=[0;1]
(M**1000)*p

ans==1